X=[1.1275 1.1503 1.1735 1.1972];
Y=[0.11971 0.13957 0.15931 0.17902];