X =15:5:55;
Y =[0.2588 0.3420 0.4226 0.5000 0.5736 0.6428 0.7071 0.7660 0.8192];