X=[100 121 144];
Y=[10 11 12];
